# This file may be used to create an environment using:
# $ conda create --name <env> --file <this file>
# platform: win-64
asgiref=3.2.10=pypi_0
backports=1.0=py_2
backports.zoneinfo=0.2.1=py38h294d835_4
beautifulsoup4=4.9.3=pypi_0
ca-certificates=2021.10.8=h5b45459_0
certifi=2021.10.8=py38haa244fe_1
cffi=1.14.5=pypi_0
charset-normalizer=2.0.6=pypi_0
django=4.0.2=py38haa244fe_0
django-braces=1.14.0=pypi_0
django-cors-headers=3.10.0=pypi_0
django-filter=21.1=pypi_0
djangorestframework=3.13.1=pypi_0
docopt=0.6.2=pypi_0
idna=3.2=pypi_0
importlib-metadata=4.10.1=pypi_0
krb5=1.19.2=h6da9e4a_3
libpq=14.1=h1ea2d34_1
libzlib=1.2.11=h8ffe710_1013
markdown=3.3.6=pypi_0
mysqlclient=2.0.3=pypi_0
openssl=3.0.0=h8ffe710_2
pip=22.0.3=pyhd8ed1ab_0
pipreqs=0.4.10=pypi_0
psycopg2=2.9.3=py38hc5489d1_0
pycparser=2.20=pypi_0
python=3.8.12=h900ac77_2_cpython
python-tzdata=2021.5=pyhd8ed1ab_0
python_abi=3.8=2_cp38
pytz=2021.3=pyhd8ed1ab_0
requests=2.26.0=pypi_0
setuptools=60.7.1=py38haa244fe_0
six=1.16.0=pypi_0
soupsieve=2.2.1=pypi_0
sqlite=3.37.0=h8ffe710_0
sqlparse=0.4.2=pyhd8ed1ab_0
tk=8.6.11=h8ffe710_1
typing_extensions=4.0.1=pyha770c72_0
tzdata=2021e=he74cb21_0
ucrt=10.0.20348.0=h57928b3_0
urllib3=1.26.7=pypi_0
vc=14.2=hb210afc_6
vs2015_runtime=14.29.30037=h902a5da_6
wheel=0.37.1=pyhd8ed1ab_0
yarg=0.1.9=pypi_0
zipp=3.5.0=pypi_0
